11160|17450|02-JAN-98|I|9999|19|798|15|42|                                      
1340|33710|03-JAN-98|S|9999|16|1264|31.2|79|                                    
25270|65880|05-JAN-98|I|9999|5|210|14.4|42|                                     
1615|73480|05-JAN-98|I|9999|8|96|5.4|12|                                        
1900|84910|06-JAN-98|I|9999|42|378|3.6|9|                                       
8085|37900|09-JAN-98|S|9999|1|68|31.8|68|                                       
755|26590|09-JAN-98|I|9999|11|132|6.6|12|                                       
10|68060|09-JAN-98|P|9999|28|4900|93|175|                                       
13425|109310|10-JAN-98|I|9999|1|68|28.2|68|                                     
1955|65190|10-JAN-98|S|9999|28|1512|28.8|54|                                    
970|68530|12-JAN-98|P|9999|28|1092|11.4|39|                                     
3150|65930|14-JAN-98|S|9999|28|1456|13.8|52|                                    
23105|32910|14-JAN-98|P|9999|2|290|65.4|145|                                    
530|136270|16-JAN-98|P|9999|11|308|14.4|28|                                     
3130|41720|20-JAN-98|S|9999|1|22|8.4|22|                                        
16515|12290|20-JAN-98|S|9999|20|720|19.2|36|                                    
9225|19400|23-JAN-98|S|9999|4|312|33|78|                                        
2655|80960|28-JAN-98|S|9999|24|4680|68.4|195|                                   
10600|24410|29-JAN-98|P|9999|14|546|17.4|39|                                    
2510|6950|01-FEB-98|S|9999|2|78|21|39|                                          
2725|11110|01-FEB-98|S|9999|2|116|24.6|58|                                      
16440|145950|02-FEB-98|P|9999|8|320|12.6|40|                                    
1845|72380|04-FEB-98|S|9999|9|432|18.6|48|                                      
9845|9700|04-FEB-98|C|9999|17|561|13.2|33|                                      
11525|145950|05-FEB-98|I|9999|1|19|10.2|19|                                     
3770|32800|06-FEB-98|S|9999|14|1316|33.6|94|                                    
3445|33530|07-FEB-98|T|9999|2|170|23.4|85|                                      
4255|46380|08-FEB-98|P|9999|8|368|24|46|                                        
4540|17920|09-FEB-98|I|9999|29|1537|18.6|53|                                    
8045|49620|09-FEB-98|S|9999|3|567|93.6|189|                                     
18080|47430|13-FEB-98|I|9999|41|1968|18|48|                                     
2560|18510|14-FEB-98|C|9999|12|1176|38.4|98|                                    
4105|18250|14-FEB-98|T|9999|2|158|36|79|                                        
410|161560|16-FEB-98|I|9999|5|695|61.2|139|                                     
5380|34340|19-FEB-98|I|9999|12|984|27|82|                                       
16060|60420|22-FEB-98|P|9999|10|2750|108|275|                                   
7810|27430|26-FEB-98|T|9999|2|62|16.2|31|                                       
3160|103400|27-FEB-98|S|9999|14|728|18.6|52|                                    
22670|33600|01-MAR-98|S|9999|4|312|37.8|78|                                     
6345|71610|02-MAR-98|S|9999|24|408|6.6|17|                                      
1240|35170|03-MAR-98|P|9999|18|1422|23.4|79|                                    
38920|128020|04-MAR-98|T|9999|7|133|7.8|19|                                     
2435|28810|10-MAR-98|I|9999|27|135|1.8|5|                                       
5120|26450|11-MAR-98|S|9999|21|1449|34.2|69|                                    
12605|61720|17-MAR-98|S|9999|14|1386|45|99|                                     
2205|188200|18-MAR-98|P|9999|5|35|3|7|                                          
1050|52860|18-MAR-98|I|9999|21|525|12.6|25|                                     
10660|7720|20-MAR-98|T|9999|7|294|15|42|                                        
1465|31590|20-MAR-98|I|9999|19|2375|45.6|125|                                   
7135|49360|20-MAR-98|S|9999|2|58|11.4|29|                                       
4945|2470|21-MAR-98|T|9999|2|84|11.4|42|                                        
12390|20000|22-MAR-98|C|9999|5|230|19.8|46|                                     
385|37240|22-MAR-98|I|9999|12|1416|51.6|118|                                    
2275|66800|23-MAR-98|C|9999|22|1408|33|64|                                      
1825|111050|23-MAR-98|C|9999|6|288|24.6|48|                                     
160|37280|24-MAR-98|I|9999|12|660|19.8|55|                                      
9235|13000|24-MAR-98|S|9999|9|621|30|69|                                        
6245|43400|26-MAR-98|C|9999|13|702|22.8|54|                                     
920|62650|27-MAR-98|S|9999|11|88|3.6|8|                                         
34235|49390|28-MAR-98|S|9999|1|125|55.2|125|                                    
1720|109850|29-MAR-98|P|9999|17|561|13.8|33|                                    
5255|101520|29-MAR-98|S|9999|10|690|36.6|69|                                    
8295|19400|02-APR-98|T|9999|2|18|3|9|                                           
9305|16490|02-APR-98|I|9999|14|1484|54|106|                                     
2155|74070|04-APR-98|P|9999|8|880|38.4|110|                                     
2975|30720|07-APR-98|T|9999|2|24|3|12|                                          
530|29140|08-APR-98|P|9999|8|224|14.4|28|                                       
3475|3910|10-APR-98|I|9999|1|32|9|32|                                           
12845|84700|11-APR-98|S|9999|2|24|4.8|12|                                       
1485|37310|12-APR-98|S|9999|9|81|2.4|9|                                         
3040|19520|12-APR-98|S|9999|34|1326|13.8|39|                                    
410|161560|13-APR-98|I|9999|5|695|61.2|139|                                     
5295|3320|13-APR-98|P|9999|3|204|22.8|68|                                       
2070|98380|14-APR-98|T|9999|2|216|49.8|108|                                     
9605|8370|15-APR-98|C|9999|20|1560|34.8|78|                                     
1505|22760|16-APR-98|S|9999|5|225|21|45|                                        
7125|85570|16-APR-98|I|9999|18|1170|24.6|65|                                    
1465|22540|16-APR-98|I|9999|8|1000|45.6|125|                                    
2075|58670|17-APR-98|S|9999|2|168|31.2|84|                                      
12210|46080|19-APR-98|P|9999|18|234|5.4|13|                                     
6965|6910|22-APR-98|I|9999|19|2565|49.2|135|                                    
2070|132610|23-APR-98|I|9999|4|432|49.8|108|                                    
7810|27430|23-APR-98|T|9999|2|62|16.2|31|                                       
19265|139220|26-APR-98|S|9999|4|168|13.2|42|                                    
1505|22760|28-APR-98|S|9999|5|225|21|45|                                        
2040|80400|28-APR-98|I|9999|5|185|12.6|37|                                      
8930|11430|01-MAY-98|S|9999|2|108|17.4|54|                                      
4245|14680|04-MAY-98|T|9999|5|195|16.8|39|                                      
9745|24410|04-MAY-98|C|9999|10|1450|62.4|145|                                   
4395|22300|04-MAY-98|S|9999|15|735|21|49|                                       
4985|71950|05-MAY-98|I|9999|4|32|2.4|8|                                         
3450|33600|06-MAY-98|T|9999|13|624|24|48|                                       
3740|6750|06-MAY-98|S|9999|11|638|16.8|58|                                      
4545|37820|09-MAY-98|S|9999|24|3168|65.4|132|                                   
945|46380|11-MAY-98|T|9999|2|330|46.2|165|                                      
8745|2870|12-MAY-98|T|9999|7|756|46.2|108|                                      
4485|40620|13-MAY-98|C|9999|20|2780|39.6|139|                                   
1580|2080|13-MAY-98|T|9999|2|28|5.4|14|                                         
9585|31560|14-MAY-98|S|9999|2|76|18|38|                                         
6940|158430|17-MAY-98|S|9999|4|540|44.4|135|                                    
795|9580|17-MAY-98|I|9999|11|649|19.8|59|                                       
125|58940|18-MAY-98|T|9999|7|903|49.2|129|                                      
1355|118900|19-MAY-98|T|9999|10|330|13.2|33|                                    
205|22810|19-MAY-98|I|9999|12|792|27.6|66|                                      
845|26380|19-MAY-98|T|9999|2|118|23.4|59|                                       
1675|133370|20-MAY-98|I|9999|1|59|27|59|                                        
5250|101520|24-MAY-98|S|9999|3|444|78|148|                                      
45|11600|25-MAY-98|S|9999|2|158|39.6|79|                                        
570|30350|26-MAY-98|C|9999|11|1320|55.2|120|                                    
7560|46280|27-MAY-98|S|9999|6|294|19.2|49|                                      
1520|7450|27-MAY-98|T|9999|2|32|8.4|16|                                         
9680|8950|27-MAY-98|T|9999|10|30|1.8|3|                                         
7580|3910|30-MAY-98|C|9999|17|153|3.6|9|                                        
840|59960|01-JUN-98|S|9999|29|1566|21|54|                                       
1640|23030|02-JUN-98|S|9999|1|36|14.4|36|                                       
17920|42780|03-JUN-98|I|9999|13|182|6|14|                                       
975|73340|04-JUN-98|T|9999|2|20|2.4|10|                                         
4230|37240|06-JUN-98|S|9999|4|220|20.4|55|                                      
3360|39820|06-JUN-98|S|9999|39|1287|15.6|33|                                    
7535|5900|07-JUN-98|C|9999|28|784|9.6|28|                                       
18460|11470|09-JUN-98|P|9999|8|576|27.6|72|                                     
35785|89870|09-JUN-98|P|211|17|938.4|21|55.2|                                   
550|16380|10-JUN-98|I|379|5|119|13.8|23.8|                                      
2315|52860|10-JUN-98|S|9999|6|114|9.6|19|                                       
630|125910|11-JUN-98|T|163|2|33.6|8.4|16.8|                                     
6920|30650|13-JUN-98|S|9999|37|1480|16.2|40|                                    
3745|6030|16-JUN-98|P|9999|10|1080|46.2|108|                                    
2640|15200|17-JUN-98|C|9999|17|323|7.2|19|                                      
920|6760|18-JUN-98|S|391|2|12.8|3.6|6.4|                                        
9925|21600|20-JUN-98|P|499|17|187.85|6.6|11.05|                                 
185|29790|22-JUN-98|S|9999|44|1716|16.8|39|                                     
1655|37120|26-JUN-98|I|9999|5|240|16.8|48|                                      
4835|145360|27-JUN-98|P|9999|3|90|15|30|                                        
44520|178150|28-JUN-98|C|9999|12|96|4.8|8|                                      
10965|145360|03-JUL-98|I|67|19|1692.9|36|89.1|                                  
160|161560|04-JUL-98|C|343|17|748|19.8|44|                                      
15225|49620|04-JUL-98|S|9999|10|880|37.2|88|                                    
1945|49840|05-JUL-98|S|9999|24|1728|19.8|72|                                    
42220|43180|09-JUL-98|S|238|8|89.6|6|11.2|                                      
9185|22800|11-JUL-98|C|391|28|1545.6|28.8|55.2|                                 
34740|33600|11-JUL-98|P|211|3|100.8|12.6|33.6|                                  
3430|45810|12-JUL-98|P|55|39|6142.5|56.4|157.5|                                 
11925|3870|13-JUL-98|P|9999|11|286|10.8|26|                                     
16260|98630|13-JUL-98|I|9999|4|60|7.8|15|                                       
11525|22810|17-JUL-98|I|430|13|222.3|10.2|17.1|                                 
4270|29950|17-JUL-98|T|499|2|50.4|15|25.2|                                      
4210|18510|21-JUL-98|T|9999|2|18|4.2|9|                                         
2595|42070|22-JUL-98|C|262|6|235.2|20.4|39.2|                                   
6920|27920|23-JUL-98|I|391|19|608|16.2|32|                                      
3615|66800|25-JUL-98|I|9999|44|616|6.6|14|                                      
1235|32460|27-JUL-98|S|9999|14|756|23.4|54|                                     
6465|4580|27-JUL-98|P|9999|17|1173|25.2|69|                                     
2915|18510|27-JUL-98|T|9999|2|136|28.2|68|                                      
3200|65010|29-JUL-98|I|211|14|112|4.2|8|                                        
2190|54210|01-AUG-98|S|9999|16|112|3|7|                                         
445|45410|02-AUG-98|C|154|11|431.2|13.8|39.2|                                   
2415|9580|06-AUG-98|S|7|19|1179.9|28.8|62.1|                                    
6005|34340|08-AUG-98|S|475|33|2323.2|40.8|70.4|                                 
6815|42900|10-AUG-98|S|9999|24|1656|35.4|69|                                    
3790|45270|10-AUG-98|S|478|12|259.2|12|21.6|                                    
20470|55760|11-AUG-98|S|9999|31|992|9|32|                                       
4395|17630|14-AUG-98|T|9999|2|98|21|49|                                         
4845|200|14-AUG-98|T|475|2|10.5|3|5.25|                                         
3055|4580|14-AUG-98|P|115|39|491.4|7.2|12.6|                                    
9045|149940|17-AUG-98|I|9999|1|39|19.2|39|                                      
4315|140570|17-AUG-98|I|9999|4|144|18.6|36|                                     
550|430|18-AUG-98|S|9999|5|140|13.8|28|                                         
4105|45270|18-AUG-98|C|442|12|758.4|36|63.2|                                    
3145|48670|19-AUG-98|S|9999|3|195|18.6|65|                                      
3945|37280|20-AUG-98|I|9999|19|1596|23.4|84|                                    
9400|23270|20-AUG-98|P|9999|11|187|7.8|17|                                      
2885|16420|20-AUG-98|I|226|4|281.6|38.4|70.4|                                   
3330|85570|20-AUG-98|S|19|7|491.4|37.8|70.2|                                    
2515|49280|23-AUG-98|S|9999|4|60|7.8|15|                                        
11895|118830|24-AUG-98|P|9999|18|288|7.2|16|                                    
1230|2010|24-AUG-98|T|9999|10|560|20.4|56|                                      
10790|47430|25-AUG-98|S|9999|3|585|66|195|                                      
3800|1730|26-AUG-98|S|19|46|1490.4|11.4|32.4|                                   
2275|63470|26-AUG-98|T|91|2|115.2|33|57.6|                                      
1365|28350|27-AUG-98|S|9999|2|98|14.4|49|                                       
18205|39750|27-AUG-98|S|9999|2|116|24|58|                                       
7420|13640|28-AUG-98|S|9999|9|198|9|22|                                         
7605|35860|30-AUG-98|S|9999|39|1482|16.8|38|                                    
6980|40930|06-SEP-98|I|9999|40|1720|12|43|                                      
26380|29950|09-SEP-98|T|9999|2|116|19.2|58|                                     
280|171730|14-SEP-98|C|9999|35|1575|13.8|45|                                    
3155|12070|15-SEP-98|S|9999|2|104|18|52|                                        
9060|16590|15-SEP-98|S|433|8|924|64.8|115.5|                                    
105|74360|19-SEP-98|T|9999|7|476|30.6|68|                                       
7845|16090|19-SEP-98|S|49|12|280.8|10.2|23.4|                                   
2000|176210|19-SEP-98|C|9999|17|323|5.4|19|                                     
3725|65090|19-SEP-98|C|9999|27|1458|23.4|54|                                    
480|4470|20-SEP-98|T|9999|2|48|6.6|24|                                          
5530|23960|21-SEP-98|I|241|5|45|5.4|9|                                          
425|45700|22-SEP-98|C|37|11|1376.1|58.2|125.1|                                  
535|34680|22-SEP-98|S|97|14|1234.8|33.6|88.2|                                   
4460|35860|24-SEP-98|S|9999|3|144|18.6|48|                                      
3760|33710|24-SEP-98|S|9999|9|405|24|45|                                        
49955|16380|01-OCT-98|C|9999|13|1378|57|106|                                    
470|130130|01-OCT-98|S|9999|24|384|4.8|16|                                      
9615|25900|04-OCT-98|C|385|3|21.6|4.2|7.2|                                      
16295|113140|05-OCT-98|P|9999|8|112|4.8|14|                                     
2210|62460|06-OCT-98|S|421|2|10.5|3|5.25|                                       
3670|64390|07-OCT-98|S|9999|33|8184|120|248|                                    
39705|45270|09-OCT-98|T|9999|2|118|24.6|59|                                     
5430|13000|11-OCT-98|I|469|24|705.6|15.6|29.4|                                  
2910|4750|12-OCT-98|S|1|17|612|17.4|36|                                         
2205|52860|12-OCT-98|S|9999|6|42|3|7|                                           
43840|79410|14-OCT-98|P|9999|3|177|23.4|59|                                     
1575|176930|14-OCT-98|P|9999|11|638|21.6|58|                                    
28955|22330|16-OCT-98|S|9999|11|1188|58.2|108|                                  
5980|6680|24-OCT-98|I|9999|1|9|2.4|9|                                           
695|36540|24-OCT-98|S|9999|2|26|5.4|13|                                         
2585|24980|26-OCT-98|I|9999|21|1848|41.4|88|                                    
23005|31270|26-OCT-98|C|9999|18|1764|45.6|98|                                   
2735|13340|27-OCT-98|S|9999|16|768|21|48|                                       
4100|4620|28-OCT-98|I|9999|4|240|26.4|60|                                       
10720|12160|28-OCT-98|I|9999|25|625|10.2|25|                                    
10070|24510|29-OCT-98|S|9999|9|792|40.8|88|                                     
3560|113110|29-OCT-98|I|9999|12|432|13.8|36|                                    
39955|18250|29-OCT-98|S|9999|33|1089|17.4|33|                                   
600|34710|29-OCT-98|I|9999|8|784|43.8|98|                                       
37055|141470|30-OCT-98|I|445|19|855.95|26.4|45.05|                              
2410|45550|30-OCT-98|C|9999|28|196|3|7|                                         
315|178150|02-NOV-98|S|9999|8|552|35.4|69|                                      
40895|30350|06-NOV-98|S|9999|22|1452|28.8|66|                                   
9980|67040|07-NOV-98|I|9999|4|192|13.2|48|                                      
9115|8430|09-NOV-98|T|9999|7|448|28.8|64|                                       
7595|40720|12-NOV-98|I|157|1|44|22.8|44|                                        
7725|22940|12-NOV-98|I|9999|19|1121|24.6|59|                                    
2345|51020|12-NOV-98|S|157|2|30.4|7.2|15.2|                                     
12925|46080|12-NOV-98|T|9999|10|260|10.8|26|                                    
8075|48390|14-NOV-98|T|9999|3|384|48|128|                                       
450|10930|14-NOV-98|T|1|2|86.4|24|43.2|                                         
12485|148950|16-NOV-98|T|9999|10|690|19.8|69|                                   
1560|89990|17-NOV-98|I|13|2|1071|234|535.5|                                     
2135|138090|18-NOV-98|T|9999|2|74|13.8|37|                                      
16040|48040|18-NOV-98|S|9999|8|64|3|8|                                          
9690|5560|19-NOV-98|S|457|3|54.6|10.8|18.2|                                     
2625|22800|19-NOV-98|S|265|8|377.6|22.8|47.2|                                   
28745|74400|20-NOV-98|P|9999|18|2304|55.2|128|                                  
3250|38970|21-NOV-98|I|9999|12|1500|66|125|                                     
80|18880|21-NOV-98|C|9999|12|408|12.6|34|                                       
2190|79000|23-NOV-98|I|9999|20|140|3|7|                                         
26900|128020|23-NOV-98|T|9999|2|30|6|15|                                        
7525|770|23-NOV-98|S|9999|34|850|13.2|25|                                       
13075|9580|24-NOV-98|I|9999|8|336|15.6|42|                                      
43500|75300|28-NOV-98|I|9999|8|320|11.4|40|                                     
270|27550|28-NOV-98|T|25|5|396|31.2|79.2|                                       
4340|23030|02-DEC-98|P|9999|5|225|18|45|                                        
435|157820|03-DEC-98|I|9999|19|1748|29.4|92|                                    
2620|1970|06-DEC-98|I|9999|16|1424|44.4|89|                                     
9295|24000|06-DEC-98|S|9999|34|612|6|18|                                        
24330|25400|08-DEC-98|I|9999|17|1156|33|68|                                     
2860|45530|08-DEC-98|P|9999|11|528|22.8|48|                                     
2400|8370|09-DEC-98|S|9999|13|91|3|7|                                           
4030|4880|09-DEC-98|P|9999|7|70|5.4|10|                                         
20160|7200|09-DEC-98|S|9999|1|18|6|18|                                          
36450|23030|11-DEC-98|P|9999|8|272|17.4|34|                                     
1175|146640|13-DEC-98|S|9999|4|424|48.6|106|                                    
5605|30960|14-DEC-98|S|9999|7|826|53.4|118|                                     
2860|80260|15-DEC-98|S|9999|3|144|22.8|48|                                      
2020|16340|16-DEC-98|I|9999|1|19|10.2|19|                                       
2185|84480|16-DEC-98|S|9999|9|2502|117|278|                                     
19780|69350|17-DEC-98|S|9999|20|980|15|49|                                      
315|178150|18-DEC-98|S|9999|16|1104|35.4|69|                                    
3810|34340|24-DEC-98|S|9999|11|286|13.2|26|                                     
22470|157940|25-DEC-98|S|9999|13|1430|31.2|110|                                 
6030|5330|27-DEC-98|C|9999|46|874|10.2|19|                                      
2735|6000|28-DEC-98|C|9999|6|288|21|48|                                         
1575|45810|28-DEC-98|S|9999|3|174|21.6|58|                                      
2070|55690|28-DEC-98|I|9999|4|432|49.8|108|                                     
32565|44100|29-DEC-98|T|9999|10|790|41.4|79|                                    
7810|18330|30-DEC-98|I|9999|4|124|16.2|31|                                      
29245|10190|01-JAN-99|C|9999|14|756|22.8|54|                                    
30|5010|02-JAN-99|S|9999|35|490|7.8|14|                                         
1900|34700|04-JAN-99|I|9999|13|117|3.6|9|                                       
8160|138090|05-JAN-99|S|9999|38|1596|15|42|                                     
3695|1100|05-JAN-99|S|9999|26|832|13.2|32|                                      
2030|28350|06-JAN-99|S|9999|29|551|10.2|19|                                     
5380|48180|06-JAN-99|T|9999|2|164|27|82|                                        
15600|63480|08-JAN-99|S|47|19|923.4|24|48.6|                                    
27105|18860|10-JAN-99|S|9999|2|128|28.8|64|                                     
17250|134430|12-JAN-99|I|9999|20|840|22.2|42|                                   
1920|35510|12-JAN-99|S|9999|1|9|3.6|9|                                          
32315|3220|13-JAN-99|I|9999|14|112|4.2|8|                                       
10395|4750|13-JAN-99|S|9999|2|78|16.8|39|                                       
7685|2580|13-JAN-99|T|9999|3|147|20.4|49|                                       
1425|16920|14-JAN-99|I|9999|4|76|7.8|19|                                        
1210|40020|16-JAN-99|S|9999|14|966|28.8|69|                                     
295|57730|16-JAN-99|S|23|2|124.2|23.4|62.1|                                     
32950|22760|18-JAN-99|S|23|34|2386.8|39|70.2|                                   
4365|34710|18-JAN-99|T|59|5|441|29.4|88.2|                                      
3170|41060|19-JAN-99|S|9999|13|1144|42.6|88|                                    
43095|8800|20-JAN-99|C|9999|16|624|16.2|39|                                     
18225|89870|21-JAN-99|T|9999|3|114|16.2|38|                                     
7030|46730|22-JAN-99|S|347|3|172.8|34.2|57.6|                                   
1805|139450|22-JAN-99|S|9999|3|1185|202.2|395|                                  
39340|27320|22-JAN-99|C|9999|22|440|7.8|20|                                     
3070|21920|25-JAN-99|S|9999|26|1794|31.8|69|                                    
2500|33930|25-JAN-99|T|347|7|347.2|17.4|49.6|                                   
24595|8020|25-JAN-99|I|9999|1|42|17.4|42|                                       
4520|61780|25-JAN-99|C|9999|13|338|13.8|26|                                     
8345|8850|28-JAN-99|I|9999|1|4|1.8|4|                                           
685|15120|30-JAN-99|S|167|17|571.2|17.4|33.6|                                   
910|69500|01-FEB-99|T|119|7|50.4|3.6|7.2|                                       
1170|11850|02-FEB-99|S|9999|14|1484|51|106|                                     
5650|12010|02-FEB-99|S|395|14|1232|30|88|                                       
11635|5560|06-FEB-99|I|59|8|50.4|3|6.3|                                         
8955|30100|08-FEB-99|I|9999|41|7708|101.4|188|                                  
100|2470|08-FEB-99|I|9999|6|408|30|68|                                          
2415|109310|09-FEB-99|P|9999|18|1242|28.8|69|                                   
1310|50950|09-FEB-99|I|419|18|688.5|22.8|38.25|                                 
540|81570|10-FEB-99|C|9999|14|392|9.6|28|                                       
1315|58940|10-FEB-99|S|9999|33|1485|22.8|45|                                    
8755|10410|11-FEB-99|I|419|33|658.35|11.4|19.95|                                
2045|121820|13-FEB-99|I|9999|11|715|31.8|65|                                    
145|55420|17-FEB-99|I|455|17|326.4|9|19.2|                                      
2760|34770|18-FEB-99|I|9999|7|483|36.6|69|                                      
4870|71250|23-FEB-99|S|9999|1|59|17.4|59|                                       
465|109850|23-FEB-99|S|9999|4|196|18|49|                                        
1835|125910|24-FEB-99|I|191|13|530.4|23.4|40.8|                                 
2240|45820|24-FEB-99|I|143|11|415.8|12.6|37.8|                                  
2340|58840|24-FEB-99|S|419|1|140|79.8|140|                                      
5340|22810|25-FEB-99|C|9999|12|720|23.4|60|                                     
8315|5900|26-FEB-99|C|9999|17|782|23.4|46|                                      
1510|11110|27-FEB-99|S|9999|29|1305|24|45|                                      
6420|740|27-FEB-99|S|191|27|626.4|12|23.2|                                      
5050|12760|27-FEB-99|S|9999|20|1280|31.2|64|                                    
12985|92290|01-MAR-99|I|9999|12|432|10.2|36|                                    
2070|79580|01-MAR-99|I|9999|11|1188|49.8|108|                                   
8105|28710|02-MAR-99|P|9999|8|552|31.2|69|                                      
2865|11400|03-MAR-99|S|9999|2|270|40.8|135|                                     
4385|25400|03-MAR-99|C|9999|7|686|42.6|98|                                      
8140|42920|03-MAR-99|I|11|14|4977|159.6|355.5|                                  
6940|9670|04-MAR-99|I|89|38|4617|44.4|121.5|                                    
15705|79410|06-MAR-99|I|9999|19|171|4.2|9|                                      
990|69500|08-MAR-99|C|9999|14|896|18|64|                                        
8685|8870|08-MAR-99|S|167|4|384|50.4|96|                                        
1580|160950|09-MAR-99|T|359|2|22.4|5.4|11.2|                                    
1085|76220|10-MAR-99|C|9999|14|2520|85.2|180|                                   
6195|15250|10-MAR-99|S|9999|18|198|4.8|11|                                      
3885|43350|10-MAR-99|P|9999|24|1656|30|69|                                      
7620|73340|11-MAR-99|S|251|3|249.9|49.2|83.3|                                   
7870|15120|12-MAR-99|C|9999|7|182|7.8|26|                                       
2075|19900|13-MAR-99|S|9999|13|1092|31.2|84|                                    
8555|17660|14-MAR-99|P|9999|18|2502|69|139|                                     
7015|46840|14-MAR-99|I|9999|19|171|4.8|9|                                       
870|22390|16-MAR-99|T|9999|7|413|17.4|59|                                       
6400|6680|18-MAR-99|P|9999|18|342|8.4|19|                                       
5200|67620|19-MAR-99|I|467|30|832.5|15.6|27.75|                                 
3035|10660|23-MAR-99|I|335|24|806.4|14.4|33.6|                                  
1400|79070|23-MAR-99|I|9999|1|6|2.4|6|                                          
43700|33600|26-MAR-99|S|9999|9|126|6|14|                                        
7260|9330|26-MAR-99|S|77|4|36|4.8|9|                                            
2305|42920|26-MAR-99|I|9999|1|58|29.4|58|                                       
13930|5490|27-MAR-99|I|9999|1|48|15|48|                                         
4190|12680|28-MAR-99|T|9999|3|21|3|7|                                           
210|6900|29-MAR-99|I|185|11|35.2|1.8|3.2|                                       
1025|56000|29-MAR-99|S|9999|2|24|6|12|                                          
10785|6790|01-APR-99|T|9999|2|24|3.6|12|                                        
2445|12570|02-APR-99|C|9999|7|273|10.8|39|                                      
16180|74400|02-APR-99|I|9999|41|697|7.8|17|                                     
2100|8750|04-APR-99|I|9999|19|1292|30|68|                                       
3940|54410|07-APR-99|S|9999|2|140|22.8|70|                                      
735|34710|08-APR-99|S|347|9|1260|77.4|140|                                      
3565|16470|09-APR-99|S|9999|2|330|86.4|165|                                     
10|178160|09-APR-99|S|9999|23|4025|93|175|                                      
14760|66520|11-APR-99|I|347|4|284.4|42|71.1|                                    
2635|65010|12-APR-99|S|9999|2|6|1.2|3|                                          
865|65860|16-APR-99|C|9999|7|378|16.2|54|                                       
7525|21090|17-APR-99|S|9999|2|50|13.2|25|                                       
4605|13340|19-APR-99|I|2|19|923.4|24.6|48.6|                                    
11780|5410|19-APR-99|I|9999|10|690|21|69|                                       
1675|16340|20-APR-99|T|419|10|472|27|47.2|                                      
16540|132610|21-APR-99|I|194|30|480|6.6|16|                                     
7790|20130|21-APR-99|P|9999|11|638|19.2|58|                                     
220|74590|21-APR-99|P|9999|3|12|1.8|4|                                          
2415|33560|21-APR-99|S|9999|2|138|28.8|69|                                      
3585|50750|22-APR-99|P|9999|12|1428|56.4|119|                                   
15910|90640|23-APR-99|T|9999|7|224|13.8|32|                                     
1605|27350|25-APR-99|T|9999|5|195|18|39|                                        
2370|29790|26-APR-99|I|9999|12|312|7.8|26|                                      
2815|54410|26-APR-99|T|329|2|44.2|13.2|22.1|                                    
360|45820|26-APR-99|C|9999|20|860|20.4|43|                                      
1750|46910|28-APR-99|I|305|21|1852.2|51.6|88.2|                                 
11505|22670|02-MAY-99|C|9999|16|1424|41.4|89|                                   
10650|49600|04-MAY-99|I|9999|38|1596|11.4|42|                                   
1815|52330|04-MAY-99|S|9999|16|272|8.4|17|                                      
7095|45810|05-MAY-99|I|350|5|168|17.4|33.6|                                     
5070|28330|05-MAY-99|S|9999|2|156|36|78|                                        
9805|29960|06-MAY-99|S|9999|4|236|30.6|59|                                      
7125|12160|08-MAY-99|P|497|8|338|24.6|42.25|                                    
4870|68530|09-MAY-99|S|9999|29|1711|17.4|59|                                    
460|22420|10-MAY-99|S|9999|1|49|19.2|49|                                        
8915|18260|11-MAY-99|I|9999|21|819|16.2|39|                                     
3040|4240|13-MAY-99|I|9999|26|1014|13.8|39|                                     
1750|71010|13-MAY-99|I|9999|21|2058|51.6|98|                                    
1240|43910|14-MAY-99|C|9999|46|3634|23.4|79|                                    
4525|75880|15-MAY-99|I|9999|29|754|13.8|26|                                     
11865|14250|18-MAY-99|I|497|1|34.8|17.4|34.8|                                   
835|6030|18-MAY-99|S|9999|35|2065|28.8|59|                                      
1195|79180|19-MAY-99|T|9999|10|690|28.8|69|                                     
1990|34700|21-MAY-99|S|9999|13|832|18|64|                                       
1505|8800|21-MAY-99|S|9999|37|1665|21|45|                                       
13470|10410|22-MAY-99|P|9999|12|720|16.8|60|                                    
9790|19520|22-MAY-99|S|9999|15|720|16.2|48|                                     
885|74620|22-MAY-99|S|9999|24|456|8.4|19|                                       
2015|11320|26-MAY-99|T|290|5|85.5|10.2|17.1|                                    
1605|19900|27-MAY-99|S|9999|3|117|18|39|                                        
3310|49620|27-MAY-99|I|9999|12|144|6.6|12|                                      
18170|51760|28-MAY-99|T|9999|7|294|20.4|42|                                     
2575|17730|30-MAY-99|S|9999|4|196|18.6|49|                                      
7040|16480|01-JUN-99|T|9999|10|120|3.6|12|                                      
8540|6120|01-JUN-99|I|9999|12|1668|48|139|                                      
6615|40720|05-JUN-99|S|9999|22|1144|23.4|52|                                    
5210|12680|05-JUN-99|I|9999|17|629|15.6|37|                                     
7845|23880|06-JUN-99|S|473|24|436.8|10.2|18.2|                                  
1100|188700|08-JUN-99|S|9999|33|2277|30.6|69|                                   
1505|9490|08-JUN-99|I|242|11|396|21|36|                                         
44775|22810|09-JUN-99|S|9999|2|158|41.4|79|                                     
2520|16420|09-JUN-99|I|341|21|283.5|7.8|13.5|                                   
395|70680|11-JUN-99|I|9999|1|139|61.2|139|                                      
15535|124300|12-JUN-99|S|305|6|302.4|21.6|50.4|                                 
1075|31590|14-JUN-99|S|9999|9|441|18.6|49|                                      
3670|45700|14-JUN-99|S|9999|21|5208|120|248|                                    
4840|25290|14-JUN-99|C|341|27|1468.8|27|54.4|                                   
4520|84700|17-JUN-99|C|98|6|140.4|13.8|23.4|                                    
1485|168170|17-JUN-99|S|341|23|165.6|2.4|7.2|                                   
2125|45710|18-JUN-99|S|62|20|1152|24|57.6|                                      
5505|21920|24-JUN-99|T|9999|10|380|17.4|38|                                     
1150|44100|27-JUN-99|C|9999|7|630|24.6|90|                                      
6135|128090|27-JUN-99|I|302|8|243.2|14.4|30.4|                                  
1395|20860|28-JUN-99|C|281|7|33.6|2.4|4.8|                                      
19340|2080|29-JUN-99|C|9999|7|455|25.8|65|                                      
560|157230|02-JUL-99|T|350|10|512|25.2|51.2|                                    
1315|55770|02-JUL-99|P|482|3|114.75|22.8|38.25|                                 
3485|55360|03-JUL-99|T|9999|2|64|9|32|                                          
1415|131710|04-JUL-99|S|9999|1|59|24.6|59|                                      
1220|49410|06-JUL-99|T|9999|3|204|28.2|68|                                      
4805|20190|09-JUL-99|S|9999|33|1980|31.2|60|                                    
1750|150900|14-JUL-99|C|434|12|1058.4|51.6|88.2|                                
10060|28810|14-JUL-99|C|9999|27|2943|43.2|109|                                  
2780|68240|14-JUL-99|S|9999|20|400|6|20|                                        
6155|30960|14-JUL-99|S|9999|35|2940|29.4|84|                                    
250|30720|17-JUL-99|C|9999|5|140|14.4|28|                                       
3045|11400|17-JUL-99|I|9999|29|4002|68.4|138|                                   
8725|3610|18-JUL-99|S|146|42|3704.4|41.4|88.2|                                  
2920|49480|25-JUL-99|S|9999|2|86|17.4|43|                                       
1525|75880|25-JUL-99|I|9999|12|528|23.4|44|                                     
40425|49080|26-JUL-99|I|9999|8|64|3.6|8|                                        
2210|3970|27-JUL-99|S|9999|19|133|3|7|                                          
6250|6910|28-JUL-99|P|9999|18|5004|147|278|                                     
3840|7980|29-JUL-99|S|9999|2|550|109.8|275|                                     
1580|22160|29-JUL-99|T|9999|2|28|5.4|14|                                        
1515|175370|01-AUG-99|C|9999|7|63|4.8|9|                                        
4950|1110|02-AUG-99|S|9999|4|76|9.6|19|                                         
2840|21770|02-AUG-99|S|9999|2|370|73.8|185|                                     
43565|23240|03-AUG-99|P|9999|12|708|30.6|59|                                    
4750|930|03-AUG-99|I|9999|1|42|22.2|42|                                         
1065|55370|05-AUG-99|C|9999|8|1440|94.2|180|                                    
16640|23140|06-AUG-99|S|9999|26|988|15|38|                                      
12085|13640|06-AUG-99|S|9999|4|192|22.8|48|                                     
1740|2340|09-AUG-99|T|9999|5|240|13.8|48|                                       
5445|45810|13-AUG-99|I|9999|11|539|13.8|49|                                     
3060|16720|14-AUG-99|P|9999|17|1105|25.2|65|                                    
6940|43170|15-AUG-99|S|9999|1|135|44.4|135|                                     
515|43350|15-AUG-99|S|9999|2|56|14.4|28|                                        
8690|18670|19-AUG-99|P|9999|7|434|25.8|62|                                      
625|168920|24-AUG-99|S|9999|33|1122|12.6|34|                                    
6985|124300|25-AUG-99|I|9999|19|817|12|43|                                      
19795|11470|26-AUG-99|P|9999|8|736|31.2|92|                                     
1670|45900|26-AUG-99|S|9999|21|1239|28.8|59|                                    
4585|11840|27-AUG-99|P|9999|8|864|51|108|                                       
7800|25800|28-AUG-99|S|9999|18|1044|18|58|                                      
14775|16760|28-AUG-99|S|9999|4|352|45.6|88|                                     
2705|66700|28-AUG-99|I|9999|7|196|11.4|28|                                      
18880|74400|30-AUG-99|S|9999|28|1652|19.8|59|                                   
2695|82190|04-SEP-99|P|9999|11|198|7.2|18|                                      
4475|43870|04-SEP-99|C|9999|1|139|39.6|139|                                     
12640|132370|05-SEP-99|S|9999|2|98|19.8|49|                                     
2660|46610|06-SEP-99|I|9999|4|780|70.2|195|                                     
565|62010|07-SEP-99|P|9999|3|360|62.4|120|                                      
5140|71610|08-SEP-99|I|9999|4|196|19.8|49|                                      
2675|62650|09-SEP-99|C|9999|3|294|44.4|98|                                      
9660|47520|10-SEP-99|I|9999|8|592|27|74|                                        
12575|146460|10-SEP-99|P|9999|31|1178|13.8|38|                                  
1030|33540|11-SEP-99|I|9999|1|12|6|12|                                          
485|88340|11-SEP-99|I|9999|1|24|6.6|24|                                         
200|6770|12-SEP-99|I|9999|21|966|19.2|46|                                       
8725|24550|14-SEP-99|I|9999|21|2058|41.4|98|                                    
4080|47740|14-SEP-99|C|9999|6|78|4.8|13|                                        
3455|74190|17-SEP-99|C|9999|13|624|25.8|48|                                     
38235|171730|19-SEP-99|I|9999|8|472|26.4|59|                                    
2385|23960|20-SEP-99|P|9999|3|114|16.2|38|                                      
16540|74400|21-SEP-99|I|9999|11|220|6.6|20|                                     
435|17920|21-SEP-99|S|9999|14|1288|29.4|92|                                     
2155|30960|22-SEP-99|C|9999|12|1320|38.4|110|                                   
695|59250|23-SEP-99|S|9999|34|442|5.4|13|                                       
235|117200|24-SEP-99|S|9999|27|2052|33.6|76|                                    
1475|44040|27-SEP-99|C|9999|24|960|11.4|40|                                     
265|109490|01-OCT-99|T|9999|7|336|15|48|                                        
18655|3820|02-OCT-99|C|9999|17|2346|48|138|                                     
2070|49390|03-OCT-99|I|9999|4|432|49.8|108|                                     
1750|13100|04-OCT-99|C|9999|7|686|51.6|98|                                      
33085|17920|05-OCT-99|S|9999|2|240|57|120|                                      
3510|27320|06-OCT-99|S|9999|6|750|66.6|125|                                     
31245|65010|07-OCT-99|T|9999|2|290|62.4|145|                                    
44385|9440|09-OCT-99|S|9999|3|162|24|54|                                        
16505|2340|10-OCT-99|I|9999|29|1392|22.2|48|                                    
2255|41650|12-OCT-99|C|9999|22|858|20.4|39|                                     
8805|19480|12-OCT-99|S|9999|12|1416|60|118|                                     
47425|24680|12-OCT-99|S|9999|21|588|11.4|28|                                    
9935|47740|12-OCT-99|C|9999|7|119|5.4|17|                                       
6335|7000|13-OCT-99|S|9999|9|621|34.2|69|                                       
2370|16380|14-OCT-99|I|9999|19|494|7.8|26|                                      
44720|6440|15-OCT-99|I|9999|24|360|6|15|                                        
8205|8020|15-OCT-99|S|9999|9|306|14.4|34|                                       
200|8430|16-OCT-99|S|9999|3|138|19.2|46|                                        
14505|26450|17-OCT-99|T|9999|2|152|36|76|                                       
1290|42270|17-OCT-99|I|9999|11|638|19.2|58|                                     
9790|35130|20-OCT-99|I|9999|14|672|16.2|48|                                     
7515|7020|20-OCT-99|C|9999|7|175|13.2|25|                                       
9545|9700|21-OCT-99|I|9999|38|2964|38.4|78|                                     
1310|24410|24-OCT-99|T|9999|2|90|22.8|45|                                       
9180|9860|24-OCT-99|S|9999|8|200|11.4|25|                                       
300|55360|25-OCT-99|T|9999|2|196|31.2|98|                                       
2490|7450|25-OCT-99|C|9999|6|114|5.4|19|                                        
16870|49620|29-OCT-99|S|9999|34|340|3|10|                                       
14830|63470|30-OCT-99|I|9999|17|1326|37.8|78|                                   
11285|8850|30-OCT-99|S|9999|26|260|3|10|                                        
32785|92640|30-OCT-99|C|9999|7|252|10.8|36|                                     
4135|27350|01-NOV-99|S|9999|2|28|5.4|14|                                        
2145|3870|02-NOV-99|C|9999|28|3080|31.8|110|                                    
7635|31840|02-NOV-99|I|9999|20|180|3.6|9|                                       
12035|43070|03-NOV-99|I|9999|4|72|6|18|                                         
2230|138090|03-NOV-99|S|9999|37|1554|15.6|42|                                   
7990|45210|03-NOV-99|S|9999|33|1188|10.2|36|                                    
3950|570|04-NOV-99|S|9999|27|1296|24|48|                                        
4095|26120|04-NOV-99|I|9999|38|1596|17.4|42|                                    
27295|21880|04-NOV-99|P|9999|8|320|13.2|40|                                     
12070|19220|04-NOV-99|C|9999|28|4144|68.4|148|                                  
13675|46910|04-NOV-99|P|9999|31|1674|24.6|54|                                   
1670|150900|05-NOV-99|S|9999|2|118|28.8|59|                                     
2445|14300|05-NOV-99|C|9999|7|273|10.8|39|                                      
8605|27090|05-NOV-99|C|9999|12|588|22.2|49|                                     
49330|8890|07-NOV-99|I|9999|11|1452|64.8|132|                                   
3040|550|11-NOV-99|S|9999|37|1443|13.8|39|                                      
3775|10660|11-NOV-99|S|9999|3|177|30|59|                                        
4355|40180|13-NOV-99|C|9999|12|828|27.6|69|                                     
2780|11680|14-NOV-99|S|9999|27|540|6|20|                                        
10450|5080|14-NOV-99|C|9999|17|816|24|48|                                       
1685|157230|15-NOV-99|S|9999|22|858|16.8|39|                                    
1900|158430|16-NOV-99|S|9999|34|306|3.6|9|                                      
37285|22000|17-NOV-99|S|9999|11|286|7.8|26|                                     
26080|6280|18-NOV-99|T|9999|2|28|5.4|14|                                        
15285|9370|18-NOV-99|I|9999|27|1593|18|59|                                      
9745|29260|18-NOV-99|S|9999|1|145|62.4|145|                                     
26200|65830|19-NOV-99|C|9999|4|68|6.6|17|                                       
1840|5040|19-NOV-99|T|9999|5|145|11.4|29|                                       
4255|49410|20-NOV-99|I|9999|19|874|24|46|                                       
11065|10000|20-NOV-99|S|9999|2|118|30.6|59|                                     
26200|101150|21-NOV-99|I|9999|19|323|6.6|17|                                    
1425|22970|24-NOV-99|I|9999|18|342|7.8|19|                                      
2785|13340|25-NOV-99|S|9999|1|69|21|69|                                         
41575|8900|25-NOV-99|S|9999|34|680|7.2|20|                                      
6840|28560|26-NOV-99|I|9999|6|120|7.8|20|                                       
15280|132370|26-NOV-99|T|9999|7|553|24|79|                                      
205|147160|26-NOV-99|P|9999|8|528|27.6|66|                                      
4225|43430|26-NOV-99|I|9999|17|1428|35.4|84|                                    
40395|10930|27-NOV-99|S|9999|3|78|10.8|26|                                      
11185|14300|29-NOV-99|S|9999|1|138|57.6|138|                                    
6170|22130|04-DEC-99|I|9999|21|1848|42.6|88|                                    
3845|65930|04-DEC-99|S|9999|4|32|3|8|                                           
25025|29260|04-DEC-99|S|9999|34|714|11.4|21|                                    
2755|30750|04-DEC-99|S|9999|9|621|36.6|69|                                      
26895|29300|04-DEC-99|S|9999|24|1488|27|62|                                     
2710|13100|05-DEC-99|I|9999|12|336|11.4|28|                                     
2770|6440|06-DEC-99|P|9999|12|240|6.6|20|                                       
11785|16140|07-DEC-99|S|9999|37|1184|9.6|32|                                    
17505|44520|08-DEC-99|C|9999|11|209|8.4|19|                                     
970|11320|11-DEC-99|P|9999|44|1716|11.4|39|                                     
12910|137850|11-DEC-99|S|9999|2|52|11.4|26|                                     
7860|36010|13-DEC-99|I|9999|21|2310|52.8|110|                                   
8680|27550|16-DEC-99|S|9999|2|56|12.6|28|                                       
85|14680|18-DEC-99|I|9999|11|1298|55.8|118|                                     
9480|12670|18-DEC-99|I|9999|21|1176|15.6|56|                                    
2305|16140|18-DEC-99|S|9999|9|522|29.4|58|                                      
8345|38620|18-DEC-99|S|9999|26|104|1.8|4|                                       
12485|24670|19-DEC-99|T|9999|2|138|19.8|69|                                     
1015|68100|19-DEC-99|C|9999|35|350|4.8|10|                                      
1210|139450|20-DEC-99|S|9999|26|1794|28.8|69|                                   
1275|22300|21-DEC-99|I|9999|19|1482|40.2|78|                                    
8075|20000|22-DEC-99|S|9999|9|1152|48|128|                                      
8545|19630|24-DEC-99|S|9999|8|792|49.2|99|                                      
10545|88620|26-DEC-99|I|9999|21|1449|34.2|69|                                   
910|51760|28-DEC-99|S|9999|2|16|3.6|8|                                          
430|188700|28-DEC-99|I|9999|1|155|49.8|155|                                     
2620|79580|28-DEC-99|S|9999|9|801|44.4|89|                                      
2230|32460|30-DEC-99|C|9999|17|714|15.6|42|                                     
485|139450|30-DEC-99|S|9999|2|48|6.6|24|                                        
3985|20000|01-JAN-00|I|9999|18|306|4.8|17|                                      
1645|21090|02-JAN-00|S|9999|8|384|13.8|48|                                      
32180|37670|04-JAN-00|I|9999|17|527|14.4|31|                                    
4095|74820|05-JAN-00|P|9999|3|126|17.4|42|                                      
5010|8430|05-JAN-00|I|9999|19|1254|34.8|66|                                     
6145|20370|05-JAN-00|S|9999|6|504|24|84|                                        
2410|35180|06-JAN-00|T|9999|7|49|3|7|                                           
24410|8480|07-JAN-00|I|9999|7|98|6|14|                                          
9760|40930|07-JAN-00|T|9999|5|45|4.8|9|                                         
515|20660|08-JAN-00|I|9999|12|336|14.4|28|                                      
47740|16190|08-JAN-00|I|9999|6|252|12.6|42|                                     
5210|42030|10-JAN-00|S|9999|7|259|15.6|37|                                      
1925|76930|11-JAN-00|I|9999|21|189|3.6|9|                                       
6855|33930|13-JAN-00|I|9999|6|414|27.6|69|                                      
3210|17060|13-JAN-00|S|9999|15|1035|28.8|69|                                    
6950|4900|13-JAN-00|P|9999|8|704|44.4|88|                                       
13010|48040|14-JAN-00|P|9999|1|59|31.8|59|                                      
7890|1340|15-JAN-00|I|9999|11|616|24|56|                                        
33205|48460|16-JAN-00|P|9999|6|78|5.4|13|                                       
47425|46730|17-JAN-00|I|9999|11|308|11.4|28|                                    
18640|30680|19-JAN-00|C|9999|14|1932|55.8|138|                                  
3980|39820|20-JAN-00|I|9999|21|357|4.8|17|                                      
40870|142640|22-JAN-00|T|9999|2|8|1.2|4|                                        
33085|61720|23-JAN-00|S|9999|14|1680|57|120|                                    
4800|22300|23-JAN-00|I|9999|4|1460|115.8|365|                                   
11630|13850|25-JAN-00|S|9999|4|28|3|7|                                          
8815|135970|26-JAN-00|S|9999|2|26|6.6|13|                                       
5280|22800|26-JAN-00|I|9999|11|616|16.8|56|                                     
6730|34940|26-JAN-00|S|9999|25|1475|21.6|59|                                    
4095|4950|27-JAN-00|T|9999|2|84|17.4|42|                                        
14970|79070|27-JAN-00|S|9999|24|480|5.4|20|                                     
23620|6890|27-JAN-00|P|9999|3|114|18.6|38|                                      
6290|41500|28-JAN-00|P|9999|8|336|14.4|42|                                      
4295|20130|28-JAN-00|S|9999|8|32|1.2|4|                                         
26180|15230|30-JAN-00|S|9999|4|68|7.8|17|                                       
4395|43680|30-JAN-00|C|9999|14|686|21|49|                                       
1220|43350|30-JAN-00|C|9999|13|884|28.2|68|                                     
14245|148880|30-JAN-00|P|9999|8|1024|55.2|128|                                  
8635|17060|02-FEB-00|T|9999|2|56|10.2|28|                                       
1025|42960|03-FEB-00|S|9999|2|24|6|12|                                          
2070|76630|04-FEB-00|S|9999|3|324|49.8|108|                                     
9315|7720|05-FEB-00|S|9999|2|138|35.4|69|                                       
18745|63330|05-FEB-00|T|9999|2|318|68.4|159|                                    
1730|117410|07-FEB-00|C|9999|1|48|17.4|48|                                      
19680|128650|08-FEB-00|S|9999|20|560|12.6|28|                                   
3855|61720|09-FEB-00|S|9999|2|16|3|8|                                           
2225|9490|09-FEB-00|T|9999|2|116|24.6|58|                                       
11965|22000|09-FEB-00|S|9999|2|550|100.8|275|                                   
37600|27430|10-FEB-00|C|9999|24|3552|66|148|                                    
4505|3880|11-FEB-00|S|9999|21|1008|22.2|48|                                     
4480|57840|11-FEB-00|P|9999|12|1668|39.6|139|                                   
185|65190|12-FEB-00|I|144|4|140.4|16.8|35.1|                                    
2070|81220|12-FEB-00|T|9999|2|216|49.8|108|                                     
2415|11610|12-FEB-00|T|48|5|310.5|28.8|62.1|                                    
3720|6750|13-FEB-00|I|144|4|115.2|13.2|28.8|                                    
1080|188670|14-FEB-00|P|9999|11|143|4.8|13|                                     
5160|38290|15-FEB-00|S|9999|10|490|18|49|                                       
7325|15480|15-FEB-00|S|9999|4|276|34.8|69|                                      
12935|134470|15-FEB-00|T|300|2|19.2|4.2|9.6|                                    
5785|6680|17-FEB-00|I|9999|40|1320|10.2|33|                                     
1810|98380|17-FEB-00|S|9999|26|442|8.4|17|                                      
2255|96400|17-FEB-00|S|9999|4|156|20.4|39|                                      
9515|132610|18-FEB-00|I|420|21|107.1|3|5.1|                                     
26245|6510|18-FEB-00|P|9999|17|1598|40.8|94|                                    
11940|26450|18-FEB-00|C|276|17|489.6|12|28.8|                                   
7125|46910|18-FEB-00|C|9999|7|455|24.6|65|                                      
5830|28660|18-FEB-00|I|9999|4|276|33.6|69|                                      
1860|8970|21-FEB-00|T|9999|5|390|37.2|78|                                       
3840|71850|21-FEB-00|S|9999|4|1100|109.8|275|                                   
2265|25760|21-FEB-00|I|9999|21|882|13.2|42|                                     
1330|15340|22-FEB-00|I|360|21|1106.7|30|52.7|                                   
6505|39480|23-FEB-00|P|9999|7|826|55.2|118|                                     
560|182090|23-FEB-00|T|9999|2|128|25.2|64|                                      
1385|30750|23-FEB-00|S|9999|9|711|34.8|79|                                      
9845|19520|25-FEB-00|S|144|1|29.7|13.2|29.7|                                    
2095|59960|26-FEB-00|T|9999|14|1176|34.2|84|                                    
5000|20860|26-FEB-00|S|9999|2|16|2.4|8|                                         
120|69370|26-FEB-00|I|9999|21|2310|55.2|110|                                    
2890|33530|27-FEB-00|I|9999|1|40|17.4|40|                                       
940|27270|28-FEB-00|C|300|17|2244|54|132|                                       
815|1880|03-MAR-00|T|9999|2|118|30|59|                                          
2325|79580|03-MAR-00|S|48|42|718.2|9.6|17.1|                                    
3900|22160|04-MAR-00|C|156|12|134.4|6|11.2|                                     
2170|2060|04-MAR-00|I|360|12|758.4|37.8|63.2|                                   
1035|176930|05-MAR-00|P|408|17|583.1|16.8|34.3|                                 
14530|5410|07-MAR-00|C|372|6|102.6|10.2|17.1|                                   
4500|840|08-MAR-00|C|96|6|496.8|25.8|82.8|                                      
17410|79410|08-MAR-00|S|9999|1|37|16.2|37|                                      
4945|9860|09-MAR-00|S|348|27|907.2|11.4|33.6|                                   
2480|68060|09-MAR-00|I|72|12|140.4|3.6|11.7|                                    
13980|140570|10-MAR-00|P|144|18|194.4|3.6|10.8|                                 
1220|27580|11-MAR-00|I|9999|5|340|28.2|68|                                      
11380|12480|11-MAR-00|C|9999|31|2170|23.4|70|                                   
3440|13340|13-MAR-00|P|9999|11|1375|40.8|125|                                   
4445|11840|13-MAR-00|T|408|10|266|10.2|26.6|                                    
3925|41460|15-MAR-00|S|9999|4|144|15|36|                                        
1445|145410|18-MAR-00|S|9999|4|500|34.8|125|                                    
800|2830|20-MAR-00|I|9999|40|2160|16.8|54|                                      
9425|30620|21-MAR-00|I|288|19|1352.8|37.2|71.2|                                 
2745|35640|23-MAR-00|T|9999|5|725|62.4|145|                                     
13070|74360|24-MAR-00|C|252|15|1536|59.4|102.4|                                 
1200|9270|24-MAR-00|I|372|13|717.6|28.8|55.2|                                   
1640|5010|24-MAR-00|S|9999|29|1044|14.4|36|                                     
8050|73960|25-MAR-00|T|9999|2|34|8.4|17|                                        
7960|30620|25-MAR-00|I|432|11|138.6|6.6|12.6|                                   
16620|51530|26-MAR-00|P|372|8|292.4|21|36.55|                                   
1195|9670|26-MAR-00|S|9999|3|207|28.8|69|                                       
2120|68100|26-MAR-00|S|9999|17|2312|67.8|136|                                   
755|71280|27-MAR-00|T|9999|2|24|6.6|12|                                         
10260|19900|28-MAR-00|S|9999|3|33|6|11|                                         
2420|1960|01-APR-00|S|9999|1|7|3|7|                                             
3425|51430|02-APR-00|C|9999|14|392|11.4|28|                                     
8430|9200|02-APR-00|C|9999|24|2352|31.2|98|                                     
3720|43400|06-APR-00|I|9999|27|864|13.2|32|                                     
240|42900|06-APR-00|T|9999|10|590|17.4|59|                                      
1355|64750|06-APR-00|S|9999|2|66|13.2|33|                                       
1065|61540|07-APR-00|I|9999|19|3420|94.2|180|                                   
8780|49790|08-APR-00|S|9999|4|440|33.6|110|                                     
8010|1580|09-APR-00|T|9999|10|480|25.2|48|                                      
805|11830|09-APR-00|I|9999|7|413|30.6|59|                                       
2075|16470|11-APR-00|S|9999|14|1176|31.2|84|                                    
2160|35860|11-APR-00|C|9999|15|1650|39.6|110|                                   
17130|135390|15-APR-00|S|9999|29|1711|22.2|59|                                  
43565|46730|16-APR-00|S|9999|1|59|30.6|59|                                      
2540|64390|16-APR-00|I|9999|6|312|18|52|                                        
2735|71850|18-APR-00|T|9999|2|96|21|48|                                         
14455|68030|18-APR-00|P|9999|17|1496|47.4|88|                                   
1700|40050|20-APR-00|P|9999|3|99|13.8|33|                                       
4240|22760|21-APR-00|C|9999|7|280|11.4|40|                                      
400|42270|22-APR-00|T|9999|5|695|61.2|139|                                      
4335|74720|23-APR-00|S|9999|4|180|21.6|45|                                      
9985|106990|23-APR-00|T|9999|5|575|32.4|115|                                    
1805|111010|23-APR-00|C|9999|4|1580|202.2|395|                                  
3755|45940|24-APR-00|C|9999|7|217|16.8|31|                                      
5|22260|24-APR-00|S|9999|17|2975|82.2|175|                                      
6700|12910|24-APR-00|C|9999|12|36|1.2|3|                                        
2025|7650|24-APR-00|S|9999|19|361|10.2|19|                                      
1690|62910|26-APR-00|S|9999|4|56|6|14|                                          
7005|24670|27-APR-00|C|9999|13|767|27.6|59|                                     
11385|13780|27-APR-00|I|9999|21|2625|54.6|125|                                  
2460|20660|01-MAY-00|S|9999|3|183|23.4|61|                                      
47575|17350|01-MAY-00|I|9999|25|3375|51|135|                                    
8860|29330|01-MAY-00|I|9999|8|1400|84|175|                                      
18605|145360|03-MAY-00|C|9999|12|936|34.8|78|                                   
4010|8560|03-MAY-00|S|9999|7|224|16.8|32|                                       
3925|4620|03-MAY-00|I|9999|1|36|15|36|                                          
4395|31470|03-MAY-00|S|9999|2|98|21|49|                                         
2915|62140|04-MAY-00|S|9999|24|1632|28.2|68|                                    
17805|2200|04-MAY-00|I|9999|19|2242|60|118|                                     
2620|50250|05-MAY-00|S|9999|46|4094|44.4|89|                                    
12315|26120|05-MAY-00|I|78|24|1382.4|33|57.6|                                   
2045|94330|05-MAY-00|P|9999|7|455|31.8|65|                                      
30000|136490|08-MAY-00|P|9999|17|51|.6|3|                                       
11720|9200|08-MAY-00|T|9999|2|138|29.4|69|                                      
415|4920|09-MAY-00|P|9999|3|465|64.2|155|                                       
9650|30730|09-MAY-00|C|54|13|807.3|19.2|62.1|                                   
1275|2770|11-MAY-00|S|9999|25|1950|40.2|78|                                     
6335|18050|12-MAY-00|I|9999|1|69|34.2|69|                                       
460|35310|14-MAY-00|P|414|17|583.1|19.2|34.3|                                   
3550|52750|15-MAY-00|S|210|20|1003|28.8|50.15|                                  
3160|24950|17-MAY-00|S|210|28|1164.8|18.6|41.6|                                 
1410|89990|17-MAY-00|I|9999|21|399|8.4|19|                                      
8085|6380|18-MAY-00|P|9999|3|204|31.8|68|                                       
285|1300|18-MAY-00|P|9999|11|759|21|69|                                         
8640|14820|18-MAY-00|P|102|7|617.4|39.6|88.2|                                   
1710|139450|19-MAY-00|T|9999|2|66|13.8|33|                                      
1855|85310|19-MAY-00|I|18|14|1449|45.6|103.5|                                   
3825|47750|19-MAY-00|P|9999|18|1008|28.2|56|                                    
4420|71250|21-MAY-00|I|9999|1|14|6|14|                                          
2135|68240|21-MAY-00|I|9999|23|851|13.8|37|                                     
80|710|21-MAY-00|S|9999|2|68|12.6|34|                                           
5785|16150|21-MAY-00|I|18|4|118.8|10.2|29.7|                                    
14960|68030|22-MAY-00|P|9999|10|200|7.2|20|                                     
2640|22240|24-MAY-00|C|9999|16|304|7.2|19|                                      
1975|27470|25-MAY-00|I|9999|41|533|3.6|13|                                      
2555|27990|26-MAY-00|P|9999|14|546|19.2|39|                                     
545|36410|26-MAY-00|P|234|18|2019.6|65.4|112.2|                                 
1100|69500|28-MAY-00|P|54|18|1117.8|30.6|62.1|                                  
2645|8550|28-MAY-00|S|9999|2|92|13.2|46|                                        
11130|27430|29-MAY-00|S|9999|2|24|4.2|12|                                       
5200|23330|04-JUN-00|I|9999|7|259|15.6|37|                                      
2100|65860|05-JUN-00|C|9999|7|476|30|68|                                        
8035|1170|05-JUN-00|S|9999|10|1350|46.2|135|                                    
1885|76930|05-JUN-00|T|9999|3|132|19.2|44|                                      
3900|24740|06-JUN-00|S|9999|19|266|6|14|                                        
2365|37580|09-JUN-00|I|9999|19|1425|22.2|75|                                    
5750|13060|09-JUN-00|I|9999|7|273|21|39|                                        
895|62140|11-JUN-00|S|486|3|18|3.6|6|                                           
40340|61720|12-JUN-00|C|42|14|529.2|16.8|37.8|                                  
2380|2850|14-JUN-00|I|9999|11|1518|46.2|138|                                    
4035|32910|14-JUN-00|S|162|29|7400.8|110.4|255.2|                               
290|67480|16-JUN-00|S|9999|15|1470|33|98|                                       
9950|33540|17-JUN-00|T|186|10|756.5|45|75.65|                                   
3240|5010|17-JUN-00|C|9999|24|1680|20.4|70|                                     
7035|14680|19-JUN-00|T|9999|7|336|16.2|48|                                      
7890|9860|20-JUN-00|T|42|10|504|24|50.4|                                        
1975|81220|20-JUN-00|S|306|12|124.8|3.6|10.4|                                   
4480|200|21-JUN-00|T|9999|2|278|39.6|139|                                       
9645|15590|21-JUN-00|S|9999|3|1275|123.6|425|                                   
895|68530|22-JUN-00|I|9999|9|72|3.6|8|                                          
38835|62650|22-JUN-00|P|42|5|175.5|18.6|35.1|                                   
9315|26120|22-JUN-00|C|9999|5|345|35.4|69|                                      
1360|53790|23-JUN-00|P|9999|14|1512|51.6|108|                                   
1490|18250|25-JUN-00|P|246|17|122.4|2.4|7.2|                                    
930|40020|25-JUN-00|S|9999|28|4620|53.4|165|                                    
460|18160|26-JUN-00|I|186|4|156.8|19.2|39.2|                                    
865|23180|26-JUN-00|C|282|11|475.2|16.2|43.2|                                   
2345|22810|29-JUN-00|S|9999|2|38|7.2|19|                                        
47290|113110|01-JUL-00|S|9999|20|980|16.8|49|                                   
910|8350|03-JUL-00|C|9999|28|224|3.6|8|                                         
1150|31460|04-JUL-00|I|9999|12|1080|24.6|90|                                    
3975|43350|05-JUL-00|P|9999|8|136|4.8|17|                                       
2015|11320|06-JUL-00|S|9999|4|76|10.2|19|                                       
6265|4470|07-JUL-00|C|9999|17|1224|22.2|72|                                     
18925|65930|08-JUL-00|T|9999|2|128|27|64|                                       
12265|92290|09-JUL-00|S|9999|28|1176|13.2|42|                                   
18255|146380|09-JUL-00|T|9999|2|38|10.2|19|                                     
85|29790|10-JUL-00|P|9999|11|1298|55.8|118|                                     
505|4180|11-JUL-00|S|9999|13|1404|50.4|108|                                     
765|66860|12-JUL-00|I|9999|19|931|15.6|49|                                      
10710|29450|12-JUL-00|S|9999|19|475|10.2|25|                                    
1885|9370|13-JUL-00|C|9999|22|968|19.2|44|                                      
5290|48350|13-JUL-00|C|9999|13|728|18.6|56|                                     
33670|49840|17-JUL-00|C|9999|5|790|76.2|158|                                    
650|40720|19-JUL-00|S|9999|2|220|30|110|                                        
7945|110610|20-JUL-00|I|9999|12|948|21.6|79|                                    
1930|37240|25-JUL-00|I|9999|18|1962|35.4|109|                                   
1430|30100|25-JUL-00|C|9999|7|875|40.2|125|                                     
4950|4620|25-JUL-00|S|9999|9|171|9.6|19|                                        
1750|121820|25-JUL-00|S|9999|19|1862|51.6|98|                                   
1745|108160|26-JUL-00|S|9999|2|196|42|98|                                       
11675|16210|26-JUL-00|S|9999|3|207|31.8|69|                                     
14830|116940|27-JUL-00|S|9999|19|1482|37.8|78|                                  
1565|6120|27-JUL-00|S|9999|33|2145|33.6|65|                                     
8190|30730|28-JUL-00|C|9999|7|98|6|14|                                          
6470|22330|30-JUL-00|S|9999|14|966|19.8|69|                                     
2890|11830|02-AUG-00|T|9999|2|80|17.4|40|                                       
16200|94480|03-AUG-00|P|9999|11|429|16.2|39|                                    
1450|61720|03-AUG-00|I|9999|17|646|19.2|38|                                     
3515|22800|04-AUG-00|I|9999|11|99|4.8|9|                                        
880|6270|05-AUG-00|I|9999|14|588|13.8|42|                                       
255|108160|07-AUG-00|I|9999|26|936|19.2|36|                                     
3615|74400|12-AUG-00|I|123|21|264.6|6.6|12.6|                                   
17920|135970|13-AUG-00|S|9999|3|42|6|14|                                        
1705|28920|14-AUG-00|S|9999|3|99|13.8|33|                                       
9120|30650|15-AUG-00|I|411|11|392.7|21|35.7|                                    
7845|1170|15-AUG-00|P|9999|18|468|10.2|26|                                      
7070|8370|15-AUG-00|S|9999|28|1092|18|39|                                       
8275|79440|17-AUG-00|I|411|21|2060.1|56.4|98.1|                                 
17975|3040|18-AUG-00|S|387|6|158.4|9.6|26.4|                                    
13540|128650|19-AUG-00|S|339|6|268.8|19.2|44.8|                                 
38450|22300|20-AUG-00|P|9999|11|638|29.4|58|                                    
1170|12900|23-AUG-00|S|231|9|810.9|51|90.1|                                     
5935|30620|25-AUG-00|S|111|19|273.6|5.4|14.4|                                   
860|22300|25-AUG-00|S|111|4|158.4|21.6|39.6|                                    
18540|31770|26-AUG-00|I|9999|23|391|6|17|                                       
3950|12070|28-AUG-00|P|9999|10|480|24|48|                                       
1135|22540|28-AUG-00|C|159|5|148|13.8|29.6|                                     
4400|20670|30-AUG-00|S|9999|9|738|35.4|82|                                      
4800|14300|30-AUG-00|I|9999|4|1460|115.8|365|                                   
490|97980|01-SEP-00|I|75|24|518.4|6.6|21.6|                                     
3050|32160|04-SEP-00|T|9999|7|98|7.2|14|                                        
8990|10760|04-SEP-00|S|219|19|896.8|16.8|47.2|                                  
1160|157820|06-SEP-00|S|9999|4|380|34.2|95|                                     
2860|24440|07-SEP-00|S|9999|2|96|22.8|48|                                       
1160|182090|08-SEP-00|T|9999|2|190|34.2|95|                                     
900|19400|09-SEP-00|I|9999|21|168|3.6|8|                                        
15280|123250|09-SEP-00|P|9999|8|632|24|79|                                      
1445|145410|10-SEP-00|C|9999|12|1500|34.8|125|                                  
1195|158960|11-SEP-00|S|51|47|2918.7|28.8|62.1|                                 
180|98530|11-SEP-00|S|9999|8|368|21|46|                                         
1430|9440|12-SEP-00|S|9999|14|1750|40.2|125|                                    
910|76220|14-SEP-00|I|9999|21|168|3.6|8|                                        
1990|18150|16-SEP-00|S|399|29|1484.8|18|51.2|                                   
4865|33940|18-SEP-00|S|183|19|820.8|16.2|43.2|                                  
24130|115660|19-SEP-00|S|9999|4|104|9.6|26|                                     
1015|45410|21-SEP-00|P|483|7|56|4.8|8|                                          
3720|28830|22-SEP-00|P|87|7|201.6|13.2|28.8|                                    
15765|127460|23-SEP-00|S|9999|2|178|27.6|89|                                    
2275|157740|23-SEP-00|S|9999|24|1536|33|64|                                     
9140|29790|24-SEP-00|I|9999|19|1102|23.4|58|                                    
7825|36640|24-SEP-00|S|87|34|1377|22.8|40.5|                                    
270|46730|25-SEP-00|T|363|5|352|31.2|70.4|                                      
6775|38720|25-SEP-00|C|9999|22|1408|33|64|                                      
2275|16920|26-SEP-00|I|9999|19|1216|33|64|                                      
10885|8100|28-SEP-00|S|87|6|783|63|130.5|                                       
285|18250|29-SEP-00|I|9999|1|69|21|69|                                          
9950|26590|29-SEP-00|S|9999|34|3026|45|89|                                      
24330|4240|02-OCT-00|S|9999|10|680|33|68|                                       
3675|43870|04-OCT-00|I|9999|11|2728|113.4|248|                                  
34135|36010|05-OCT-00|S|9999|39|468|4.8|12|                                     
6070|45700|06-OCT-00|I|9999|6|354|27.6|59|                                      
5855|3310|07-OCT-00|P|9999|24|408|6.6|17|                                       
16505|8100|08-OCT-00|I|9999|21|1008|22.2|48|                                    
1030|25290|11-OCT-00|C|9999|14|168|6|12|                                        
20480|13680|11-OCT-00|S|9999|10|90|2.4|9|                                       
3790|50120|12-OCT-00|I|9999|4|144|12|36|                                        
2475|65830|13-OCT-00|S|9999|43|559|3.6|13|                                      
19795|3040|14-OCT-00|I|9999|17|1564|31.2|92|                                    
47180|24380|14-OCT-00|I|9999|1|13|6|13|                                         
4025|2080|15-OCT-00|S|9999|4|40|5.4|10|                                         
18485|118290|15-OCT-00|S|9999|4|156|10.8|39|                                    
2915|56000|16-OCT-00|C|9999|46|3128|28.2|68|                                    
4400|47740|16-OCT-00|S|9999|8|656|35.4|82|                                      
3690|8630|17-OCT-00|S|9999|33|1056|13.2|32|                                     
2395|100|18-OCT-00|T|9999|5|270|24|54|                                          
15515|16140|19-OCT-00|T|9999|5|60|6.6|12|                                       
2230|130130|20-OCT-00|P|9999|3|126|15.6|42|                                     
39070|550|22-OCT-00|S|9999|27|4293|73.8|159|                                    
1105|40920|23-OCT-00|C|9999|14|966|31.2|69|                                     
1860|30620|24-OCT-00|T|9999|5|390|37.2|78|                                      
24520|4090|25-OCT-00|S|9999|19|133|3.6|7|                                       
38680|29890|25-OCT-00|S|9999|2|76|17.4|38|                                      
1235|62650|26-OCT-00|S|9999|1|54|23.4|54|                                       
325|32850|27-OCT-00|I|9999|12|192|7.8|16|                                       
13425|17920|27-OCT-00|S|9999|2|136|28.2|68|                                     
16815|53230|28-OCT-00|T|9999|2|124|31.8|62|                                     
12705|98630|29-OCT-00|C|9999|22|616|11.4|28|                                    
1855|20190|30-OCT-00|T|9999|2|230|45.6|115|                                     
5000|10030|30-OCT-00|P|9999|3|24|2.4|8|                                         
11695|12070|02-NOV-00|S|9999|2|18|4.2|9|                                        
17900|57840|04-NOV-00|I|9999|11|143|6|13|                                       
6335|45310|04-NOV-00|C|9999|17|1173|34.2|69|                                    
21650|50080|04-NOV-00|I|9999|13|494|10.2|38|                                    
985|141470|06-NOV-00|I|9999|12|768|18|64|                                       
11925|8020|06-NOV-00|S|9999|26|676|10.8|26|                                     
2600|26020|07-NOV-00|C|9999|7|616|39|88|                                        
14045|149100|08-NOV-00|S|9999|14|826|28.8|59|                                   
40525|144000|08-NOV-00|S|9999|34|680|10.2|20|                                   
43630|35310|09-NOV-00|I|9999|18|216|4.2|12|                                     
6700|111010|09-NOV-00|I|9999|25|75|1.2|3|                                       
35475|33570|09-NOV-00|S|9999|6|54|2.4|9|                                        
4630|142640|09-NOV-00|C|9999|12|744|23.4|62|                                    
10745|9500|09-NOV-00|I|9999|19|1691|38.4|89|                                    
10600|4640|10-NOV-00|S|9999|2|78|17.4|39|                                       
32620|24100|10-NOV-00|C|9999|22|1496|33.6|68|                                   
9310|30590|10-NOV-00|S|9999|16|1104|35.4|69|                                    
32280|19480|11-NOV-00|S|9999|19|190|3|10|                                       
15015|104100|13-NOV-00|S|9999|8|208|13.8|26|                                    
740|22200|13-NOV-00|S|9999|4|156|11.4|39|                                       
6505|5620|13-NOV-00|S|9999|9|1062|55.2|118|                                     
1330|63770|15-NOV-00|C|9999|24|1488|30|62|                                      
27150|47160|15-NOV-00|P|9999|18|360|5.4|20|                                     
1490|188700|16-NOV-00|S|9999|4|36|2.4|9|                                        
18250|98630|17-NOV-00|C|9999|10|1480|78|148|                                    
40425|188200|18-NOV-00|S|9999|23|184|3.6|8|                                     
4435|11610|18-NOV-00|S|9999|47|1363|9|29|                                       
6435|24250|18-NOV-00|S|9999|33|858|8.4|26|                                      
115|16990|20-NOV-00|S|9999|33|2112|29.4|64|                                     
18845|12160|20-NOV-00|I|9999|11|275|9.6|25|                                     
4255|14050|20-NOV-00|P|9999|8|368|24|46|                                        
34355|8620|22-NOV-00|P|9999|17|816|18.6|48|                                     
10515|68300|22-NOV-00|S|9999|9|486|28.8|54|                                     
17935|21600|24-NOV-00|T|9999|10|140|4.8|14|                                     
2190|13770|25-NOV-00|S|9999|23|161|3|7|                                         
2225|15720|28-NOV-00|S|9999|25|1450|24.6|58|                                    
34005|120760|29-NOV-00|P|9999|44|2376|25.2|54|                                  
9425|4750|29-NOV-00|I|9999|11|979|37.2|89|                                      
1675|46750|29-NOV-00|S|9999|19|1121|27|59|                                      
